[full-image.jpg]
text=1;139;15;appointment.com;Jokerman;0.076222,0.868827,0.095414,5.987119;v1,4293454056,4278791210,128.000000,1.000000,0.500000,1.000000,700,2,49152;;
backuphash=22693
textactive=1
crop=rect64(11e0028fffffffff)
filters=crop64=1,11e0028fffffffff;
[4656.jpg]
backuphash=49709
[p1.jpg]
backuphash=551
[screen8.jpg]
text=2;146;20;one platform for all;Space Age;0.098524,-0.002754,0.071233,6.283185;v1,4294967295,4278190080,128.000000,1.000000,0.500000,1.000000,700,2,49152;;146;21;buyer  seller  bidder;Space Age;0.146910,0.063032,0.059188,6.283185;v1,4294967295,4278190080,128.000000,1.000000,0.500000,1.000000,700,2,49152;;
backuphash=24667
textactive=1
[screen3.jpg]
text=2;168;43;free shipping&#010;free registration&#010;flexibility;Space Age;0.026454,0.366047,0.059612,0.000000;v1,4294967295,4278190080,128.000000,1.000000,0.500000,1.000000,700,2,49152;;126;2;3f;Space Age;0.077466,0.188856,0.177865,6.283185;v1,4294967295,4278190080,128.000000,1.000000,0.500000,1.000000,700,2,49152;;
backuphash=21069
textactive=1
